0 775
0.0986721515655518 746
0.208224058151245 831
0.209264039993286 743
0.312546014785767 830
0.315613031387329 782
0.320641040802002 747
0.363572120666504 7647
0.422393083572388 1034
0.42341423034668 742
0.427277088165283 781
0.466823101043701 745
0.529622077941895 862
0.53077220916748 846
0.536091089248657 743
0.573869228363037 745
0.638468027114868 856
0.63952112197876 762
0.650927066802979 744
0.722526073455811 744
0.746490001678467 831
0.748977184295654 791
0.758786201477051 1399
0.852602005004883 877
0.853734016418457 765
0.856269121170044 722
0.905918121337891 25125
0.963773012161255 1793
0.965736150741577 1601
0.967265129089355 865
1.00941920280457 746
1.07044410705566 744
1.07482004165649 744
1.07911205291748 774
1.11682319641113 971
1.18681812286377 746
1.18793916702271 861
1.18908619880676 868
1.28217601776123 723
1.29450607299805 897
1.29575705528259 769
1.29689717292786 796
1.37489700317383 744
1.40405511856079 959
1.40530204772949 861
1.40631222724915 743
1.50815510749817 745
1.51084208488464 745
1.51364016532898 923
1.51470804214478 772
1.62140822410583 3752
1.62268304824829 924
1.62375807762146 761
1.65297913551331 748
1.72561311721802 803
1.7306752204895 805
1.73199105262756 838
1.76001119613647 723
1.83473420143127 834
1.83989715576172 841
1.84110403060913 925
1.86939120292664 916
1.94397211074829 813
1.94909620285034 970
1.95022201538086 808
2.03044605255127 785
2.05096912384033 746
2.05837821960449 851
2.05953001976013 765
2.14010119438171 812
2.1604540348053 895
2.16757607460022 861
2.16875600814819 861
2.24719619750977 724
2.28292918205261 8290
2.28655314445496 3052
2.28777718544006 789
2.37939715385437 744
2.38045215606689 806
2.39408111572266 723
2.39514708518982 789
2.48664712905884 972
2.487948179245 882
2.50198602676392 831
2.50306606292725 745
2.59615302085876 932
2.59723711013794 769
2.61120700836182 823
2.63409304618835 724
2.70298600196838 723
2.70606112480164 795
2.77435111999512 747
2.77543115615845 762
2.9360191822052 781
2.93707799911499 742
2.93806099891663 741
2.93903803825378 740
3.15329003334045 19944
3.15445017814636 771
3.15543007850647 760
3.15660500526428 920
3.15762710571289 844
3.15850210189819 752
3.15936708450317 736
3.16025710105896 736
3.77808523178101 13759
3.77924418449402 851
3.78864622116089 9209
3.80021619796753 11409
3.81452608108521 783
3.81556606292725 759
3.8164370059967 755
3.81728911399841 756
3.87351012229919 1156
3.89622902870178 743
3.93051409721375 971
3.93156504631042 766
3.98022723197937 746
4.0041720867157 748
4.0311541557312 748
4.10768699645996 747
4.1088171005249 872
4.13886213302612 822
4.15933322906494 20140
4.21966314315796 743
4.22069907188416 766
4.24632120132446 906
4.24741721153259 776
4.34104609489441 743
4.34206414222717 767
4.37342619895935 799
4.37453103065491 846
4.57891702651978 745
4.58182215690613 2640
4.58293008804321 764
4.58392810821533 765
4.70873808860779 723
4.70979309082031 743
4.71093320846558 845
4.71194100379944 763
4.73439407348633 879
4.7356162071228 957
4.84377813339233 723
4.8465850353241 745
4.84760308265686 771
4.8485860824585 765
4.9709792137146 747
4.9720401763916 768
4.97307300567627 810
4.97425723075867 840
5.10569214820862 724
5.10674715042114 745
5.25631713867188 149317
5.25745916366577 767
5.25844502449036 763
5.25972008705139 937
5.26071119308472 721
5.26168322563171 848
6.10151314735413 723
6.10261201858521 782
6.10354900360107 720
6.10461401939392 960
6.11133003234863 6356
6.11239314079285 901
6.11326503753662 741
6.11415719985962 800
6.1151340007782 741
6.21091318130493 814
6.2118501663208 739
6.31880807876587 836
6.32055807113647 1393
6.37040400505066 768
6.42596912384033 837
6.4285740852356 955
6.42975521087646 769
6.53482103347778 1030
6.68891501426697 153578
6.69013118743896 769
6.69113206863403 764
6.69212317466736 767
6.69303321838379 753
6.69399404525757 800
6.84832215309143 914
6.84937620162964 742
6.85039114952087 740
6.9749710559845 807
6.97610306739807 763
6.97719407081604 856
6.97828102111816 844
6.97927403450012 767
7.17142605781555 723
7.17246723175049 740
7.17346501350403 739
7.17446899414062 740
7.22563719749451 873
7.22686100006104 881
7.22808122634888 847
7.22909212112427 760
7.35002422332764 903
7.35170102119446 759
7.35348606109619 722
7.35520005226135 826
7.44855117797852 895
7.44991111755371 909
7.45173001289368 1319
7.45280599594116 764
7.55838704109192 990
7.56004905700684 1144
7.56111812591553 767
7.56218004226685 832
7.71614623069763 766
7.7173810005188 747
7.72751021385193 761
7.72862219810486 776
7.84138107299805 724
7.84240913391113 742
7.84338712692261 741
7.84438800811768 738
7.96295213699341 858
7.96417307853699 793
7.96524620056152 740
7.9663610458374 744
8.06170415878296 937
8.06294012069702 778
8.06405210494995 891
8.08510518074036 750
8.17900800704956 1007
8.18105721473694 1558
8.18224310874939 847
8.19194507598877 796
8.28492903709412 745
8.29010415077209 744
8.29111504554749 772
8.30540919303894 744
8.3929591178894 745
8.39799499511719 897
8.39917302131653 862
8.42129015922546 762
8.50060415267944 807
8.50502419471741 754
8.50806522369385 745
8.53039121627808 838
8.61055707931519 744
8.6147940158844 832
8.61590600013733 770
8.64258217811584 849
8.72323703765869 819
8.72573518753052 808
8.72676205635071 761
8.83069515228271 896
8.83179712295532 771
8.85427021980286 722
8.85528802871704 742
8.94174718856812 747
8.94283509254456 810
8.96832013130188 810
8.9814281463623 12840
9.05416822433472 723
9.05522513389587 742
9.06857919692993 774
9.08329701423645 832
9.16134119033813 887
9.16243505477905 764
9.17873001098633 760
9.19055819511414 833
9.27056312561035 889
9.27209520339966 1187
9.28282809257507 748
9.30301904678345 882
9.38213801383972 723
9.38316321372986 743
9.40583300590515 746
9.41226100921631 746
9.494793176651 745
9.49582409858704 770
9.50454211235046 937
9.5198872089386 747
9.6043860912323 804
9.60545706748962 764
9.61909413337708 724
9.63215899467468 723
9.71216917037964 734
9.71331906318665 786
9.73158812522888 745
9.80674409866333 1742
9.8201150894165 723
9.82541418075562 781
9.84125804901123 746
9.96958303451538 1056
9.97098207473755 747
9.97246217727661 755
9.97364521026611 783
10.037504196167 6829
10.0876131057739 744
10.0886301994324 766
10.089791059494 899
10.1390571594238 723
10.1961090564728 824
10.1972332000732 810
10.1982681751251 813
10.3056461811066 745
10.3067240715027 762
10.3077092170715 763
10.308699131012 762
10.4191920757294 826
10.4203112125397 851
10.4214181900024 871
10.4238221645355 2175
10.5276970863342 875
10.5314660072327 3456
10.5325610637665 769
10.5335800647736 789
10.6350901126862 870
10.6363501548767 860
10.6373720169067 764
10.6409590244293 723
10.7443881034851 888
10.7461190223694 1322
10.7473151683807 871
10.7483839988708 764
10.8543720245361 894
10.855672121048 904
10.8567020893097 766
10.889416217804 747
10.9805002212524 906
10.9879651069641 723
10.9902632236481 861
10.997004032135 744
11.0952160358429 915
11.0966060161591 977
11.0976481437683 770
11.1057550907135 1398
11.202320098877 746
11.2139050960541 8233
11.2251582145691 767
11.2779140472412 724
11.3179411888123 795
11.318971157074 741
11.3201761245728 895
11.3849291801453 723
11.4253380298615 916
11.4273881912231 1643
11.4284901618958 770
11.4904770851135 746
11.558972120285 3828
11.5606920719147 783
11.5621650218964 730
11.604129076004 745
11.6528661251068 856
11.65443110466 743
11.6554732322693 763
11.7132441997528 746
11.7628450393677 780
11.7639360427856 763
11.7648861408234 740
11.8224551677704 750
11.8706541061401 1161
11.8720321655273 917
11.8834822177887 762
11.9629549980164 745
11.9771730899811 859
11.9814331531525 748
11.989758014679 723
12.0746521949768 723
12.0865521430969 995
12.0893671512604 746
12.1354520320892 804
12.1892640590668 746
12.1933171749115 750
12.1966640949249 818
12.2426040172577 792
12.2967820167542 723
12.3037250041962 722
12.3154501914978 879
12.3496310710907 723
12.4105050563812 2288
12.4116291999817 745
12.417729139328 724
12.4658780097961 745
12.5182890892029 1925
12.5211501121521 746
12.5221381187439 759
12.573851108551 744
12.6242690086365 778
12.6282851696014 920
12.6366450786591 723
12.686094045639 744
12.7336940765381 756
12.7376961708069 847
12.7461211681366 751
12.8382380008698 937
12.8409411907196 730
12.8446140289307 724
12.8532731533051 746
12.9574511051178 746
12.9584760665894 769
12.9612472057343 2561
12.9991710186005 746
13.0648720264435 913
13.0661120414734 813
13.0671992301941 837
13.1064331531525 787
13.1743841171265 907
13.1756370067596 801
13.1787641048431 867
13.2136940956116 723
13.2823581695557 763
13.2850410938263 823
13.2862551212311 867
13.3215730190277 723
13.3898630142212 748
13.3930580615997 745
13.395877122879 848
13.4366230964661 723
13.5006210803986 827
13.5017871856689 831
13.5028851032257 762
13.5459470748901 753
13.6087601184845 832
13.6116330623627 1182
13.6132121086121 761
13.6530830860138 746
13.7377371788025 1245
13.7417500019073 812
13.7431991100311 763
13.821414232254 794
13.850967168808 748
13.8519711494446 760
13.8530330657959 767
13.9289751052856 747
13.9560871124268 747
13.9593122005463 746
13.9638481140137 749
14.0398020744324 751
14.0651571750641 747
14.0889630317688 743
14.0899591445923 761
14.1470592021942 771
14.174357175827 723
14.1967730522156 836
14.1978261470795 762
14.2566990852356 749
14.2815570831299 960
14.3044030666351 847
14.3076441287994 744
14.3635370731354 770
14.4402191638947 1231
14.4441051483154 881
14.4459412097931 1118
14.4913921356201 724
14.5179171562195 856
14.5517771244049 747
14.5527811050415 763
14.5997130870819 752
14.6269810199738 792
14.6591320037842 879
14.6602561473846 775
14.7080430984497 746
14.7370011806488 746
14.7682549953461 875
14.7906892299652 825
14.8172791004181 723
14.8442180156708 745
14.8827631473541 854
14.8977742195129 745
14.9246351718903 747
14.9533231258392 722
14.9849460124969 778
15.0049731731415 751
15.0328969955444 746
15.0613780021667 723
15.0947761535645 744
15.1179111003876 748
15.1685130596161 830
15.1695690155029 763
15.2022180557251 899
15.2250552177429 748
15.2781331539154 916
15.3055441379547 746
15.3091762065887 746
15.3322060108185 724
15.3857400417328 782
15.413094997406 790
15.4287030696869 834
15.4706430435181 743
15.4929420948029 745
15.5198330879211 748
15.535786151886 744
15.5775661468506 745
15.6044781208038 747
15.6500990390778 744
15.6518521308899 763
15.6867880821228 802
15.7119431495667 998
15.7592890262604 843
15.7606480121613 946
15.7993631362915 765
15.8282451629639 723
15.8689160346985 924
15.8700430393219 765
15.9149210453033 1023
15.9355521202087 780
15.9784891605377 859
15.9795501232147 766
16.042062997818 1269
16.0550792217255 723
16.0854761600494 769
16.0882081985474 723
16.1515161991119 780
16.1642680168152 861
16.1946210861206 841
16.2222061157227 812
16.2586011886597 750
16.2738900184631 748
16.303738117218 887
16.3313732147217 787
16.3697741031647 744
16.3810150623322 791
16.4130780696869 824
16.4390571117401 724
16.4796240329742 881
16.5187032222748 840
16.9209070205688 769
16.9226570129395 1081
16.9237451553345 796
16.9248011112213 857
16.9257881641388 757
16.9272701740265 1365
16.9281551837921 719
16.9290111064911 718
16.9300310611725 721
17.0321731567383 863
17.0336730480194 1116
17.0347290039062 773
17.0375490188599 871
17.1434462070465 753
17.1445641517639 766
17.1456251144409 835
17.2118110656738 746
17.2533211708069 745
17.2550041675568 722
17.2564730644226 743
17.3539590835571 1319
17.3598351478577 784
17.3627731800079 889
17.3639471530914 743
17.4692070484161 796
17.4703211784363 819
17.4730710983276 722
17.4740800857544 743
17.5788340568542 800
17.5813970565796 756
17.5825312137604 766
17.5835690498352 773
17.6862471103668 841
17.6877510547638 824
17.6920371055603 723
17.6931800842285 857
17.7935090065002 847
17.796501159668 853
17.7997610569 745
17.8012661933899 1205
17.9031522274017 872
17.9042141437531 765
17.9118981361389 723
17.9129161834717 743
18.0110239982605 723
18.0151751041412 744
18.020336151123 744
18.1030120849609 723
18.1182360649109 746
18.1262941360474 778
18.1286981105804 743
18.2100992202759 745
18.2296600341797 1044
18.233549118042 745
18.2361299991608 825
18.3176901340485 751
18.3389132022858 723
18.3431692123413 827
18.3452470302582 780
18.443400144577 799
18.4496431350708 931
18.4555881023407 2005
18.4567232131958 778
18.5535600185394 746
18.5571591854095 745
18.5595481395721 746
18.5650641918182 750
18.6607182025909 782
18.6645770072937 813
18.6691880226135 754
18.6728110313416 1357
18.7682301998138 751
18.7740731239319 861
18.7764480113983 744
18.7792270183563 863
18.8785321712494 747
18.8809270858765 723
18.8835082054138 804
18.8883671760559 822
18.9857981204987 723
18.99010014534 919
18.992733001709 766
19.0841641426086 745
19.0966401100159 746
19.104984998703 747
19.1059992313385 761
19.1913690567017 883
19.2050430774689 744
19.2210922241211 1014
19.2225232124329 995
19.3004062175751 1623
19.3143172264099 743
19.3193821907043 843
19.3289601802826 747
19.412602186203 822
19.4216232299805 784
19.4265110492706 742
19.436900138855 742
19.5216941833496 723
19.5306820869446 761
19.5339810848236 744
19.5453071594238 928
19.6309502124786 746
19.6397221088409 772
19.6493031978607 806
19.6524720191956 789
19.7381980419159 746
19.7490320205688 800
19.7586450576782 918
19.7615661621094 742
19.8492619991302 793
19.8592100143433 746
19.8683400154114 846
19.8707330226898 723
19.9585661888123 814
19.9667100906372 723
19.9755132198334 756
20.055055141449 743
20.0657861232758 722
20.0739181041718 745
20.0851891040802 769
20.1642150878906 744
20.1759531497955 839
20.1860730648041 1016
20.1920990943909 744
20.275514125824 722
20.2851021289825 745
20.2916481494904 723
20.3014450073242 875
20.3847692012787 746
20.3944361209869 860
20.4035232067108 723
20.4104812145233 742
20.4920301437378 856
20.5017030239105 723
20.5129420757294 805
20.519914150238 744
20.6022720336914 746
20.6088621616364 747
20.6200981140137 747
20.6291131973267 745
20.712639093399 723
20.7185690402985 723
20.729296207428 745
20.7361822128296 745
20.8207302093506 742
20.8279531002045 743
20.8384330272675 765
20.9174671173096 844
20.9279801845551 747
20.9347751140594 800
20.9477970600128 879
21.0245320796967 723
21.0372400283813 889
21.0442540645599 858
21.0574290752411 780
21.1316001415253 723
21.1464509963989 724
21.1512629985809 747
21.1654281616211 971
21.2438180446625 744
21.2555601596832 868
21.2612400054932 749
21.2782790660858 2733
21.3530201911926 745
21.3646650314331 777
21.3708610534668 741
21.3821790218353 745
21.4619600772858 744
21.4743421077728 780
21.4801180362701 745
21.5285611152649 723
21.5712890625 881
21.5836350917816 782
21.5876932144165 750
21.6669812202454 747
21.6835060119629 722
21.6906971931458 744
21.699728012085 810
21.7740092277527 743
21.7907090187073 748
21.7995312213898 1230
21.806193113327 745
21.8893070220947 723
21.9024000167847 723
21.9053921699524 723
21.9134421348572 724
21.9993221759796 1213
22.0117812156677 978
22.016095161438 784
22.027281999588 723
22.1058142185211 743
22.1195991039276 784
22.1230092048645 747
22.1331751346588 794
22.2181169986725 989
22.2271301746368 1075
22.232241153717 747
22.3098781108856 760
22.3272140026093 741
22.3341572284698 744
22.3415901660919 872
22.4170870780945 747
22.4363880157471 765
22.4452931880951 945
22.4506101608276 743
22.5242421627045 723
22.546807050705 799
22.5520260334015 747
22.5599591732025 748
22.641499042511 745
22.654060125351 872
22.6613101959229 752
22.6690971851349 758
22.7506880760193 785
22.7631371021271 832
22.7703981399536 763
22.7765331268311 1124
22.8599400520325 745
22.8725481033325 1029
22.8796701431274 781
22.8853931427002 722
22.9721851348877 723
22.9793310165405 788
22.9890282154083 816
22.9945430755615 748
23.0803480148315 723
23.0894131660461 791
23.0981211662292 782
23.1015300750732 742
23.1903080940247 723
23.1995890140533 807
23.2073271274567 871
23.2753210067749 749
23.2975511550903 745
23.3067791461945 765
23.3196761608124 884
23.3847250938416 744
23.4067690372467 744
23.4163680076599 790
23.4271931648254 1216
23.5025990009308 753
23.5159311294556 793
23.5256390571594 778
23.5362920761108 723
23.6120600700378 832
23.624902009964 743
23.6348350048065 856
23.643853187561 747
23.7189610004425 745
23.7340290546417 752
23.7473142147064 747
23.7509272098541 748
23.8329381942749 746
23.8433270454407 744
23.854474067688 867
23.9222650527954 723
23.9420421123505 724
23.9509871006012 840
23.9645640850067 817
24.03355717659 743
24.0491480827332 723
24.060075044632 724
24.073762178421 744
24.1491570472717 724
24.1583120822906 842
24.1701350212097 723
24.1807761192322 856
24.2564342021942 747
24.271656036377 799
24.2899742126465 10983
24.2910680770874 744
24.3657760620117 838
24.3816661834717 745
24.3993020057678 846
24.4003582000732 766
24.4730520248413 723
24.4891550540924 722
24.5078999996185 851
24.5090281963348 743
24.5842490196228 753
24.5965502262115 743
24.6149621009827 724
24.6176691055298 783
24.6943390369415 748
24.7055680751801 815
24.7242891788483 810
24.7658171653748 749
24.8015341758728 809
24.8147311210632 743
24.8335881233215 913
24.9032661914825 742
24.9107921123505 747
24.9230861663818 724
24.9428570270538 810
25.0113470554352 743
25.0235462188721 743
25.0332860946655 747
25.0518882274628 789
25.1189970970154 723
25.1412010192871 746
25.1422550678253 819
25.1625092029572 961
25.2283670902252 747
25.2486162185669 780
25.2496631145477 764
25.2789821624756 723
25.3379352092743 769
25.3557970523834 747
25.3646790981293 745
25.4402310848236 811
25.4449231624603 723
25.4631311893463 774
25.4739542007446 723
25.550231218338 744
25.5594131946564 750
25.5707859992981 745
25.5883350372314 747
25.6571490764618 885
25.6665580272675 824
25.6806921958923 786
25.6976041793823 850
25.7668960094452 723
25.7758181095123 725
25.789980173111 723
25.8045980930328 743
25.8741011619568 745
25.8924000263214 915
25.8969600200653 724
25.9215822219849 745
25.9832861423492 744
26.0024101734161 863
26.0062401294708 746
26.0313720703125 751
26.0903050899506 749
26.1093602180481 750
26.1328811645508 9091
26.138640165329 828
26.1998960971832 723
26.2186391353607 744
26.2316641807556 869
26.3018081188202 759
26.3111851215363 779
26.3258430957794 911
26.3408060073853 725
26.4111111164093 811
26.4203360080719 889
26.435051202774 793
26.464565038681 777
26.5182189941406 746
26.5297009944916 790
26.5448331832886 1257
26.5736191272736 790
26.6358690261841 784
26.6369421482086 763
26.6525311470032 743
26.6828792095184 723
26.7430222034454 771
26.7601702213287 744
26.7663650512695 748
26.7903439998627 975
26.8502531051636 744
26.86798620224 1272
26.8718531131744 723
26.8998181819916 1043
26.9595260620117 904
26.9745321273804 745
26.9792931079865 745
27.0097892284393 723
27.0686671733856 776
27.084203004837 793
27.0910761356354 746
27.1172702312469 748
27.1780440807343 937
27.1934680938721 791
27.1985411643982 729
27.2687802314758 765
27.2880811691284 754
27.3004641532898 746
27.3079800605774 740
27.3868300914764 840
27.3945682048798 723
27.4107441902161 724
27.4386310577393 724
27.5011510848999 744
27.5117611885071 724
27.5181901454926 747
27.5482821464539 747
27.6090512275696 786
27.6109371185303 743
27.6330749988556 782
27.6551730632782 758
27.7161400318146 889
27.7259721755981 743
27.7466650009155 723
27.76238322258 839
27.8259119987488 746
27.8351631164551 746
27.8540420532227 804
27.8729021549225 753
27.9328520298004 747
27.9423551559448 835
27.9633831977844 745
27.9810161590576 859
28.0421760082245 790
28.0515670776367 723
28.0725121498108 724
28.0878720283508 747
28.1514542102814 723
28.1607451438904 745
28.1828701496124 743
28.2688682079315 919
28.2703590393066 784
28.2714822292328 742
28.2904410362244 723
28.3674230575562 796
28.3806312084198 766
28.4006299972534 3167
28.4084570407867 723
28.4745042324066 724
28.4878091812134 817
28.4998111724854 748
28.5210621356964 744
28.5863251686096 745
28.596892118454 873
28.6071112155914 749
28.6521861553192 892
28.6905751228333 724
28.7065851688385 724
28.7296760082245 791
28.7362520694733 745
28.8107280731201 743
28.8136730194092 763
28.8370871543884 745
28.8495960235596 724
28.9162950515747 757
28.9232439994812 745
28.9444742202759 723
28.9525651931763 723
29.023234128952 743
29.0328371524811 801
29.0522742271423 1359
29.0596261024475 743
29.1358981132507 779
29.1425821781158 745
29.1587941646576 748
29.2308812141418 744
29.2435140609741 724
29.2566361427307 747
29.2728900909424 834
29.3407511711121 1221
29.354465007782 722
29.3637111186981 743
29.3834850788116 723
29.4505491256714 771
29.4624991416931 723
29.4712560176849 746
29.4904520511627 723
29.568596124649 783
29.5709102153778 820
29.5783340930939 723
29.5995800495148 743
29.6908700466156 743
29.6927320957184 741
29.6967329978943 730
29.7130451202393 744
29.8027009963989 2872
29.8040461540222 840
29.8050611019135 770
29.862398147583 723
29.9078750610352 758
29.912250995636 843
29.9133470058441 762
29.9695382118225 747
30.0169901847839 776
30.0218880176544 1165
30.0229830741882 773
30.0768151283264 747
30.1268060207367 753
30.1311130523682 843
30.1321640014648 768
30.2001922130585 723
30.2348251342773 787
30.2380921840668 751
30.2410252094269 956
30.3173801898956 723
30.3434190750122 825
30.3558721542358 766
30.3569121360779 765
30.4277992248535 747
30.4585061073303 743
30.481320142746 723
30.4823231697083 741
30.5613951683044 812
30.5675032138824 1243
30.5899350643158 795
30.591099023819 864
30.671825170517 809
30.6746082305908 753
30.6975162029266 783
30.7010881900787 744
30.7811241149902 762
