0 370
0.104053020477295 352
0.211595058441162 367
0.326045036315918 352
0.326475143432617 360
0.326897144317627 352
0.512551069259644 352
0.517543077468872 352
0.635056972503662 352
0.719545125961304 352
0.745059013366699 352
0.830548048019409 352
0.855046033859253 352
0.936058044433594 352
0.966047048568726 352
1.04704904556274 352
1.10505104064941 352
1.15904998779297 352
1.17355394363403 352
1.2625560760498 352
1.27806615829468 352
1.36555504798889 352
1.37805509567261 352
1.45505809783936 352
1.48005604743958 352
1.55255913734436 353
1.58355903625488 352
1.59506106376648 352
1.6835629940033 352
1.69706201553345 352
1.76756310462952 352
1.79756212234497 352
1.86306500434875 352
1.89056611061096 352
1.90956616401672 352
1.98056411743164 352
2.00156712532043 352
2.02156805992126 352
2.09257006645203 352
2.11406803131104 352
2.18106913566589 352
2.19657111167908 352
2.22607398033142 353
2.29209804534912 365
2.3065710067749 351
2.33008193969727 352
2.3965859413147 352
2.41757297515869 352
2.44057297706604 352
2.50108504295349 352
2.52857708930969 352
2.53807711601257 352
2.60407900810242 352
2.63157606124878 352
2.64458799362183 352
2.76109600067139 352
2.7615270614624 361
2.76197504997253 375
2.82058000564575 352
2.92258596420288 352
2.96908497810364 352
3.05158305168152 352
3.10558795928955 352
3.16258907318115 352
3.23559093475342 352
3.26709794998169 352
3.34010314941406 352
3.38409304618835 352
3.44409203529358 352
3.48760199546814 351
3.56859302520752 352
3.57809495925903 351
3.65210914611816 365
3.6846079826355 352
3.83161306381226 353
3.83206105232239 372
3.85811901092529 352
3.96110200881958 352
4.03760194778442 352
4.09410500526428 352
4.19560694694519 352
4.2721209526062 366
4.30760598182678 352
4.40361094474792 353
4.4791100025177 352
4.51560997962952 352
4.610111951828 352
4.63711214065552 352
4.72111511230469 352
4.74911594390869 352
4.83061695098877 352
4.85312700271606 352
4.93461894989014 352
4.99812006950378 352
5.03761911392212 352
5.10111999511719 352
5.14862012863159 352
5.16462302207947 352
5.24212312698364 352
5.26762509346008 352
5.3441309928894 352
5.36712598800659 352
5.44712805747986 352
5.46862602233887 352
5.52263903617859 352
5.57112693786621 352
5.58363199234009 352
5.65563201904297 352
5.68563199043274 352
5.69563007354736 352
5.76763606071472 352
5.79663395881653 352
5.84213209152222 352
5.89163303375244 352
5.90665316581726 369
5.96663498878479 352
6.00264811515808 366
6.04563808441162 352
6.07763695716858 352
6.11363816261292 352
6.15763998031616 351
6.19964098930359 352
6.22314214706421 352
6.2616400718689 352
6.30364108085632 351
6.32715201377869 352
6.37864398956299 352
6.40815615653992 352
6.4301450252533 352
6.48164415359497 352
6.51114296913147 352
6.53364515304565 352
6.57214713096619 352
6.61414909362793 352
6.62964797019958 352
6.66464805603027 352
6.69964694976807 352
6.7286479473114 352
6.76665306091309 352
6.80165100097656 352
6.8306519985199 352
6.85164999961853 352
6.90215110778809 352
6.93114995956421 352
6.94215416908264 352
6.97515511512756 352
7.01566815376282 352
7.04315900802612 352
7.06665515899658 352
7.09015703201294 352
7.13165712356567 352
7.15665698051453 352
7.17765593528748 352
7.22065615653992 352
7.24915599822998 352
7.26765894889832 352
7.29616093635559 352
7.33167409896851 352
7.36116099357605 352
7.38316202163696 352
7.42516112327576 352
7.44416213035583 352
7.47067499160767 352
7.48767495155334 352
7.53616499900818 352
7.55566501617432 352
7.56966304779053 352
7.59167909622192 352
7.64066600799561 352
7.65967798233032 352
7.68366599082947 352
7.69666600227356 352
7.74517798423767 352
7.76270604133606 390
7.77716994285583 352
7.79817795753479 352
7.84767007827759 352
7.86718106269836 352
7.88016796112061 352
7.90268111228943 365
7.95066905021667 351
7.96268510818481 366
7.98117208480835 352
8.00517201423645 352
8.02317595481873 352
8.06617212295532 352
8.08417201042175 352
8.10667395591736 352
8.12367606163025 352
8.16917514801025 352
8.18417406082153 351
8.20967411994934 352
8.22667503356934 352
8.26517796516418 352
8.2841911315918 352
8.29867696762085 352
8.31967711448669 352
8.36817812919617 352
8.38717699050903 352
8.40017914772034 352
8.42217898368835 352
8.44117903709412 351
8.48267912864685 352
8.50417995452881 352
8.52518010139465 352
8.54018115997314 352
8.58618307113647 352
8.60669612884521 352
8.62768197059631 352
8.64368295669556 352
8.68918204307556 352
8.7011981010437 352
8.71818494796753 352
8.73668313026428 352
8.78618812561035 352
8.80418515205383 352
8.82018613815308 352
8.83968710899353 352
8.85868716239929 352
8.90018606185913 352
8.9246871471405 352
8.9426851272583 352
8.95718908309937 352
9.00218915939331 352
9.02470397949219 352
9.04368996620178 352
9.06018805503845 352
9.10519003868103 352
9.11720514297485 352
9.13669300079346 353
9.1552050113678 351
9.20369410514832 352
9.22019100189209 352
9.23969197273254 352
9.25669503211975 352
9.27569508552551 351
9.31869506835938 352
9.34169316291809 352
9.35969305038452 352
9.37869596481323 352
9.41919612884521 352
9.44220900535583 352
9.46169710159302 352
9.47719597816467 351
9.52219605445862 352
9.54519701004028 352
9.55521297454834 352
9.57272696495056 352
9.62119913101196 352
9.63770008087158 352
9.65869903564453 352
9.67420196533203 352
9.69370293617249 352
9.7357029914856 352
9.76020097732544 352
9.77720212936401 352
9.79670214653015 352
9.83670496940613 352
9.85971713066101 352
9.87920498847961 352
9.89470505714417 352
9.93970394134521 352
9.96270394325256 352
9.9727189540863 352
9.9902069568634 352
10.0387070178986 352
10.0542070865631 352
10.0762059688568 351
10.09321808815 364
10.1102089881897 352
10.1527099609375 352
10.1792099475861 352
10.1942090988159 351
10.2132210731506 364
10.2557101249695 352
10.2767119407654 351
10.2967190742493 352
10.3127119541168 352
10.3572130203247 352
10.3797130584717 352
10.3997220993042 362
10.4072289466858 352
10.4557161331177 352
10.4727289676666 352
10.4932270050049 365
10.5102140903473 352
10.5277180671692 352
10.5697181224823 352
10.5967180728912 352
10.6112151145935 352
10.6312160491943 352
10.6732311248779 367
10.6937210559845 352
10.713721036911 352
10.7297191619873 352
10.7742199897766 352
10.7967190742493 352
10.8167200088501 352
10.8247361183167 352
10.8732471466064 364
10.8897349834442 352
10.9107210636139 352
10.9277219772339 352
10.9762229919434 352
10.9867250919342 352
11.0142259597778 352
11.0292251110077 352
11.0477240085602 352
11.0897240638733 352
11.1172251701355 352
11.1312260627747 352
11.1467270851135 352
11.1922271251678 352
11.2132389545441 365
11.2342269420624 352
11.2497270107269 352
11.2902431488037 352
11.3067440986633 352
11.3297441005707 352
11.3447289466858 352
11.3932421207428 365
11.4037330150604 352
11.4317319393158 352
11.44673204422 351
11.464231967926 352
11.5067319869995 352
11.5347321033478 352
11.5482349395752 352
11.5632469654083 366
11.6092350482941 352
11.6297340393066 352
11.6512341499329 352
11.6667499542236 352
11.707750082016 352
11.7237379550934 352
11.7472500801086 351
11.7617361545563 352
11.8107380867004 352
11.8267381191254 352
11.8487401008606 352
11.8637411594391 352
11.8822400569916 352
11.9242401123047 352
11.9517390727997 352
11.9667401313782 352
11.980241060257 352
12.0262429714203 351
12.0477430820465 352
12.0682420730591 352
12.0833439826965 455
12.1292419433594 352
12.1397449970245 352
12.1642589569092 352
12.1797580718994 352
12.2277450561523 352
12.2427439689636 352
12.2652490139008 352
12.2807459831238 352
12.2992470264435 352
12.3412461280823 352
12.3682470321655 352
12.3837480545044 352
12.3972489833832 352
12.4427490234375 352
12.4647510051727 352
12.4847500324249 352
12.5002491474152 352
12.5472631454468 352
12.5562520027161 351
12.5807521343231 352
12.5967531204224 352
12.6447541713715 352
12.6592509746552 352
12.6842529773712 352
12.698254108429 352
12.7162549495697 352
12.7612550258636 352
12.785756111145 352
12.8012540340424 352
12.8192541599274 352
12.8627569675446 352
12.8822700977325 351
12.9027571678162 352
12.9177579879761 353
12.9657580852509 353
12.985258102417 352
12.9987730979919 352
13.0142731666565 352
13.0632719993591 352
13.0767590999603 352
13.1017580032349 352
13.1172590255737 352
13.1332621574402 352
13.1787631511688 352
13.2022609710693 352
13.2182619571686 352
13.2362620830536 352
13.2797651290894 352
13.2992780208588 352
13.319766998291 352
13.3342649936676 352
13.3827781677246 352
13.4022641181946 353
13.4152669906616 352
13.4307670593262 352
13.4792680740356 352
13.4937789440155 365
13.5182671546936 352
13.5337791442871 365
13.5502691268921 352
13.5977699756622 352
13.6192700862885 352
13.634269952774 352
13.6532680988312 352
13.7012701034546 352
13.716285943985 352
13.7367730140686 352
13.755273103714 352
13.8027830123901 352
13.8192720413208 352
13.8397719860077 352
13.8477880954742 352
13.8967881202698 352
13.9132871627808 352
13.9347751140594 352
13.9507730007172 352
13.9997751712799 352
14.0147790908813 352
14.0372779369354 352
14.0507750511169 352
14.0707750320435 351
14.1177780628204 352
14.1332910060883 352
14.1542799472809 352
14.1717801094055 352
14.219279050827 352
14.236279964447 352
14.2572801113129 352
14.2652959823608 352
14.3138070106506 364
14.3307819366455 352
14.3522810935974 352
14.3682811260223 352
14.4167840480804 352
14.4312839508057 352
14.4542860984802 351
14.4697849750519 352
14.4877841472626 352
14.5347850322723 352
14.5572850704193 352
14.5707869529724 352
14.5882880687714 352
14.6377880573273 352
14.6532869338989 352
14.6737990379333 364
14.6912870407104 352
14.7308020591736 352
14.7472910881042 352
14.7708029747009 352
14.7862889766693 352
14.8338029384613 366
14.850289106369 352
14.8707921504974 352
14.8867931365967 352
14.9062931537628 352
14.9522910118103 352
14.9738039970398 365
14.9872951507568 352
15.005795955658 352
15.0542960166931 352
15.0702941417694 352
15.0902931690216 351
15.1087939739227 352
15.1472980976105 352
15.1647980213165 352
15.1888101100922 352
15.2022960186005 352
15.2502970695496 352
15.2677969932556 352
15.287328004837 355
15.3038139343262 366
15.3222999572754 352
15.3693010807037 352
15.3903019428253 353
15.4068109989166 353
15.4223029613495 353
15.471302986145 352
15.4883029460907 352
15.5078020095825 352
15.525318145752 352
15.5743191242218 352
15.5813050270081 352
15.6053061485291 352
15.6213049888611 352
15.667307138443 352
15.6848061084747 352
15.7083210945129 367
15.7213070392609 352
15.7403080463409 352
15.7883100509644 353
15.8083071708679 352
15.8248240947723 368
15.8418090343475 352
15.8898279666901 352
15.905825138092 352
15.9253101348877 352
15.9448111057281 352
15.99281001091 353
15.9998259544373 352
16.0223121643066 352
16.0388259887695 352
16.0848150253296 352
16.1028110980988 352
16.1253130435944 352
16.1378149986267 352
16.1573150157928 352
16.2053210735321 352
16.2248151302338 352
16.2408139705658 352
16.2603139877319 352
16.3068180084229 352
16.3228299617767 351
16.3423180580139 352
16.3618171215057 352
16.4098169803619 352
16.4258179664612 352
16.4388329982758 352
16.4563331604004 352
16.5033330917358 352
16.5203189849854 352
16.5418190956116 352
16.5593199729919 352
16.5738210678101 352
16.6223230361938 352
16.64182305336 352
16.6573221683502 352
16.6768219470978 352
16.7238261699677 352
16.7398250102997 352
16.7593250274658 352
16.7783241271973 352
16.8268251419067 351
16.8433239459991 352
16.8563411235809 351
16.873841047287 352
16.9203410148621 352
16.9373271465302 352
16.9593269824982 352
16.9768280982971 352
16.9908289909363 352
17.0393300056458 351
17.0593309402466 352
17.0748310089111 352
17.0938329696655 352
17.1423289775848 352
17.1568329334259 352
17.176833152771 352
17.1963331699371 352
17.2443449497223 352
17.2598321437836 352
17.2798321247101 352
17.291347026825 352
17.3373489379883 352
17.3548369407654 352
17.375834941864 352
17.3943469524384 366
17.4403359889984 352
17.4563391208649 352
17.4763391017914 352
17.4933371543884 352
17.5103361606598 352
17.5593371391296 352
17.5793509483337 352
17.5938391685486 351
17.6128399372101 352
17.6608390808105 352
17.6763401031494 352
17.6968400478363 352
17.7078421115875 352
17.7543549537659 365
17.771842956543 352
17.7933411598206 352
17.811341047287 352
17.8578441143036 352
17.8733439445496 352
17.8978450298309 352
17.9103450775146 352
17.9278440475464 352
17.9763600826263 352
18.0008449554443 352
18.0113470554352 351
18.0298480987549 352
18.0788481235504 352
18.093346118927 352
18.1143591403961 365
18.1328461170197 351
18.1708500385284 352
18.1888501644135 352
18.2143759727478 365
18.2273490428925 351
18.2738490104675 351
18.2918491363525 352
18.3143661022186 364
18.3268539905548 352
18.3453540802002 352
18.3933520317078 352
18.4173531532288 352
18.4298510551453 351
18.4468550682068 352
18.495857000351 352
18.5103540420532 352
18.5308539867401 352
18.5498540401459 352
18.5878710746765 352
18.6058721542358 352
18.6308710575104 352
18.6443679332733 365
18.6908569335938 352
18.7088570594788 351
18.7313721179962 352
18.7438590526581 352
18.7628591060638 352
18.8103590011597 352
18.8348610401154 352
18.8473601341248 352
18.8638610839844 351
18.9123620986938 352
18.9283630847931 352
18.9478621482849 352
18.9668619632721 352
19.0153629779816 352
19.0233769416809 352
19.0478780269623 351
19.0633771419525 352
19.1078660488129 352
19.1263661384583 352
19.1508650779724 352
19.1608669757843 352
19.179368019104 352
19.2278680801392 352
19.252366065979 352
19.2638659477234 352
19.2823669910431 352
19.3298699855804 352
19.3448710441589 352
19.3663711547852 352
19.3838679790497 352
19.4328701496124 352
19.4393720626831 352
19.4663860797882 352
19.4798860549927 352
19.5253739356995 352
19.5423710346222 352
19.5693850517273 352
19.5778751373291 352
19.5963759422302 352
19.6453771591187 352
19.6693749427795 352
19.6808750629425 352
19.6993751525879 352
19.7463791370392 352
19.7623770236969 352
19.7843911647797 366
19.8008761405945 352
19.8498780727386 352
19.8658790588379 352
19.887894153595 352
19.8968930244446 352
19.9444041252136 364
19.9598791599274 352
19.9908790588379 352
19.9998800754547 352
20.0133810043335 352
20.0628831386566 352
20.086895942688 352
20.1013810634613 352
20.1163821220398 352
20.1658840179443 352
20.1788849830627 352
20.2058870792389 352
20.2193851470947 352
20.2663860321045 352
20.2818839550018 351
20.3054051399231 355
20.314905166626 353
20.3619019985199 352
20.377387046814 352
20.4083869457245 352
20.4183881282806 352
20.4303891658783 351
20.4793901443481 352
20.5038890838623 352
20.5203890800476 352
20.5333890914917 352
20.5823891162872 352
20.5953941345215 353
20.6228921413422 352
20.6368930339813 352
20.6833920478821 352
20.6983931064606 352
20.7258930206299 352
20.7329070568085 352
20.7784099578857 352
20.7954111099243 352
20.8253951072693 352
20.8358960151672 352
20.8818950653076 352
20.8963980674744 352
20.9213969707489 352
20.9383981227875 352
20.9513969421387 352
20.9993970394135 352
21.0243971347809 352
21.0399000644684 352
21.0543990135193 352
21.101900100708 352
21.1154010295868 352
21.1428990364075 351
21.1499030590057 352
21.1954171657562 352
21.2129149436951 352
21.2434010505676 352
21.2529010772705 352
21.2984039783478 352
21.3139050006866 352
21.338406085968 352
21.3554060459137 352
21.3679051399231 352
21.4169051647186 352
21.4414050579071 352
21.457407951355 352
21.4709069728851 352
21.5184090137482 352
21.5329060554504 352
21.5604071617126 351
21.574933052063 366
21.6129100322723 352
21.6299240589142 352
21.6619100570679 352
21.669909954071 352
21.7159111499786 351
21.73291015625 352
21.7549250125885 365
21.772912979126 352
21.7899119853973 352
21.8344111442566 352
21.8579130172729 352
21.875913143158 351
21.892914056778 352
21.9349279403687 365
21.9509150981903 352
21.9779150485992 352
21.9979150295258 352
22.0379159450531 352
22.0469310283661 352
22.0784180164337 352
22.0874171257019 352
22.1334171295166 351
22.1499180793762 352
22.1724359989166 352
22.1894199848175 352
22.209920167923 352
22.2519190311432 352
22.2754211425781 352
22.2929191589355 352
22.3114221096039 352
22.352422952652 352
22.3679370880127 352
22.3949339389801 365
22.4144220352173 352
22.455423116684 352
22.4644360542297 352
22.4949381351471 365
22.5054399967194 352
22.5504250526428 352
22.5674250125885 352
22.5979261398315 352
22.6074280738831 352
22.6269280910492 352
22.6699280738831 352
22.6924290657043 352
22.7104270458221 352
22.7304270267487 351
22.7694320678711 352
22.785444021225 351
22.8134310245514 352
22.8319289684296 352
22.8724300861359 352
22.8884310722351 352
22.9119319915771 352
22.9229459762573 352
22.9679319858551 352
22.9849441051483 365
23.0149450302124 366
23.0249471664429 365
23.0444350242615 352
23.0869359970093 352
23.1089351177216 352
23.1279351711273 352
23.1474349498749 352
23.186439037323 352
23.2019500732422 352
23.2299389839172 352
23.2484381198883 352
23.2894370555878 352
23.3049499988556 365
23.3289420604706 352
23.339940071106 351
23.3854539394379 352
23.4014389514923 352
23.431939125061 352
23.442939043045 352
23.4614551067352 352
23.5039420127869 352
23.5274441242218 352
23.544440984726 352
23.5644409656525 352
23.6069440841675 352
23.618458032608 352
23.6464459896088 352
23.6664459705353 352
23.706444978714 352
23.7214450836182 352
23.7494449615479 352
23.7569479942322 352
23.8019490242004 352
23.8199620246887 352
23.8484480381012 352
23.8599469661713 352
23.8779499530792 352
23.9209499359131 352
23.9444501399994 352
23.9619491100311 352
23.9809491634369 352
24.0244500637054 352
24.0359539985657 352
24.0639519691467 352
24.0839531421661 352
24.1234519481659 352
24.1389529705048 352
24.166953086853 352
24.174467086792 351
24.2194681167603 352
24.2369561195374 352
24.2654690742493 352
24.2774541378021 351
24.3224551677704 352
24.3379580974579 352
24.3609609603882 352
24.3804581165314 352
24.3979570865631 351
24.440957069397 352
24.4639580249786 352
24.4804601669312 352
24.500461101532 352
24.5410089492798 359
24.5554649829865 353
24.5834610462189 353
24.6034600734711 353
24.6364650726318 353
24.6529631614685 352
24.6839759349823 351
24.6949610710144 352
24.7394759654999 352
24.7549660205841 352
24.7779669761658 352
24.7964680194855 352
24.8149631023407 352
24.8579659461975 352
24.8809649944305 351
24.8969690799713 352
24.9169690608978 352
24.9579679965973 352
24.9724669456482 352
25.0004670619965 352
25.020467042923 351
25.0529701709747 352
25.070484161377 352
25.1014840602875 352
25.1119689941406 352
25.1559710502625 352
25.1734690666199 352
25.1954979896545 366
25.2129721641541 352
25.2329850196838 352
25.2749760150909 352
25.2984759807587 352
25.3159739971161 352
25.3339741230011 351
25.3754880428314 365
25.390988111496 352
25.4179749488831 352
25.4369759559631 352
25.4784760475159 352
25.4874930381775 353
25.5184919834137 352
25.5299911499023 352
25.5719771385193 352
25.5904769897461 352
25.6119949817657 352
25.6304800510406 352
25.6494929790497 352
25.6914801597595 352
25.7149789333344 352
25.7334790229797 351
25.7509829998016 352
25.7919840812683 352
25.8079969882965 352
25.8349821567535 352
25.8539819717407 352
25.8949820995331 352
25.9044840335846 352
25.9354989528656 367
25.9469850063324 351
25.9894850254059 352
26.0074851512909 352
26.0384860038757 352
26.0474879741669 352
26.0675020217896 352
26.1099879741669 351
26.1319870948792 352
26.1504881381989 352
26.1704919338226 352
26.2084910869598 352
26.2245020866394 352
26.2529909610748 352
26.2709889411926 352
26.3114900588989 352
26.3274900913239 351
26.3519930839539 352
26.364009141922 352
26.4074940681458 352
26.4249920845032 352
26.4549920558929 352
26.4669930934906 351
26.4839940071106 352
26.5274970531464 352
26.5494949817657 352
26.5669960975647 352
26.5869960784912 352
26.6255099773407 365
26.6409981250763 352
26.6694979667664 352
26.6869969367981 351
26.7284979820251 352
26.7439970970154 352
26.7680020332336 353
26.780501127243 352
26.824000120163 352
26.8419990539551 352
26.8710000514984 352
26.8834991455078 352
26.9000029563904 352
26.9435019493103 352
26.9675040245056 352
26.983500957489 352
27.0035021305084 352
27.047003030777 352
27.0585191249847 352
27.0870060920715 352
27.1050050258636 352
27.1460061073303 352
27.161504983902 352
27.1900060176849 352
27.1975080966949 352
27.2415080070496 352
27.2600209712982 352
27.2875089645386 352
27.300507068634 352
27.3445081710815 352
27.360011100769 352
27.3850221633911 352
27.4010090827942 352
27.4205100536346 352
27.4630100727081 352
27.4755380153656 366
27.5035130977631 352
27.5220129489899 352
27.5625131130219 352
27.5785119533539 351
27.6065139770508 352
27.6150269508362 351
27.659029006958 352
27.676530122757 352
27.7050139904022 352
27.7180161476135 352
27.7620160579681 352
27.7770190238953 352
27.802531003952 352
27.8205189704895 352
27.8375179767609 352
27.8800179958344 352
27.9055180549622 352
27.9200210571289 352
27.9390201568604 352
27.9800209999084 352
27.9950189590454 352
28.0230190753937 352
28.0425190925598 351
28.0770370960236 352
28.0940229892731 352
28.1245360374451 352
28.1345210075378 352
28.1800229549408 351
28.1970241069794 352
28.2190260887146 352
28.2380270957947 352
28.2555370330811 352
28.2970261573792 352
28.3220269680023 353
28.3370280265808 352
28.3565289974213 352
28.3970291614532 352
28.4125270843506 352
28.4400269985199 352
28.4595410823822 352
28.4945421218872 351
28.511029958725 352
28.5415451526642 352
28.552029132843 352
28.5975320339203 352
28.6140291690826 352
28.6355321407318 352
28.6540379524231 352
