0 1819
0.104713201522827 1905
0.317637205123901 1803
0.319725036621094 1758
0.426944017410278 1936
0.429030179977417 1775
0.531474113464355 1774
0.533715009689331 1943
0.535868167877197 1866
0.538036108016968 1900
0.540076017379761 1767
0.638118028640747 1787
0.640281200408936 1777
0.642466068267822 1928
0.649139165878296 1774
0.769052982330322 1798
0.771300077438354 1811
0.773483991622925 1875
0.775542974472046 1777
0.777705192565918 1882
0.779839992523193 1850
0.786883115768433 1826
0.865868091583252 1777
0.886197090148926 1770
0.909768104553223 1785
0.977703094482422 1801
0.998743057250977 1770
1.06932020187378 1773
1.09114098548889 1805
1.11250615119934 1778
1.18170499801636 1809
1.20473718643188 1807
1.21676516532898 1837
1.29306101799011 1780
1.31729817390442 1791
1.32334899902344 1762
1.39722418785095 1817
1.42149114608765 1851
1.43348097801208 1778
1.44209408760071 1769
1.51461100578308 1776
1.53997015953064 1847
1.55079007148743 1893
1.72158908843994 1857
1.72370409965515 1778
1.72576117515564 1768
1.7278311252594 1784
1.76164603233337 1759
1.85443997383118 1788
1.9275381565094 1843
1.95865321159363 1771
2.04035115242004 1773
2.07014012336731 1765
2.14457201957703 1775
2.1732029914856 1760
2.25057601928711 1820
2.27735018730164 1784
2.35464906692505 1781
2.38173508644104 1852
2.41995310783386 1765
2.48023009300232 1830
2.49639105796814 1787
2.57147312164307 1777
2.60056209564209 1884
2.66662812232971 1820
2.69911313056946 1805
2.73364019393921 1802
2.78151106834412 1777
2.81523513793945 1778
2.88323402404785 1808
2.90525317192078 1761
2.92985820770264 1766
2.99679112434387 1780
3.02335715293884 1810
3.09138417243958 1810
3.11361217498779 1770
3.13708114624023 1780
3.2038722038269 1777
3.22919011116028 1776
3.26370120048523 1777
3.31526613235474 1764
3.33467817306519 1812
3.36791920661926 1775
3.4277811050415 1792
3.44829916954041 1771
3.47197699546814 1823
3.53090620040894 1774
3.54491806030273 1767
3.57594799995422 1799
3.63490700721741 1807
3.64900898933411 1854
3.66724419593811 1790
3.72453713417053 1774
3.75220417976379 1777
3.76732110977173 1781
3.81753420829773 1781
3.85501313209534 1801
3.87008619308472 1809
3.9214551448822 1810
3.95675301551819 1776
3.97178912162781 1762
4.00068712234497 1773
4.03674507141113 1785
4.07273817062378 1767
4.08682012557983 1785
4.13078618049622 1808
4.17435908317566 1808
4.1893150806427 1803
4.20984601974487 1780
4.24557304382324 1774
4.29027318954468 1766
4.30304408073425 1845
4.32266712188721 1775
4.37204504013062 1779
4.40264105796814 1804
4.41889619827271 1801
4.45140218734741 1762
4.47850108146667 1761
4.51514005661011 1776
4.53159308433533 1777
4.56520509719849 1777
4.60150718688965 1781
4.62787508964539 1888
4.63706707954407 1770
4.6694221496582 1772
4.70573115348816 1778
4.72490310668945 1764
4.74325203895569 1821
4.77492117881775 1762
4.8088321685791 1764
4.83739519119263 1799
4.85459518432617 1781
4.87646412849426 1770
4.91276216506958 1762
4.93278908729553 1766
4.95334315299988 1776
4.98055911064148 1833
5.01670098304749 1814
5.03685307502747 1814
5.0562961101532 1776
5.075040102005 1771
5.10338306427002 1781
5.13866901397705 1773
5.15528416633606 1765
5.17116618156433 1762
5.20508503913879 1764
5.23571014404297 1807
5.25809812545776 1767
5.27515006065369 1853
5.29174709320068 1762
5.33733820915222 1775
5.35976600646973 1760
5.37584209442139 1811
5.38997101783752 1778
5.42051911354065 1775
5.45331811904907 1805
5.47575616836548 1803
5.4918110370636 1802
5.50270414352417 1776
5.54568004608154 1774
5.57058811187744 1779
5.59054803848267 1805
5.60787606239319 1784
5.73276805877686 1803
5.73490905761719 1767
5.73698616027832 1790
5.73902320861816 1769
5.74108219146729 1770
5.76345610618591 1772
5.80706810951233 1774
5.8358781337738 1763
5.90148615837097 1776
5.92745018005371 1775
5.9856321811676 1790
6.03138113021851 1810
6.08024215698242 1766
6.10857820510864 1774
6.14611911773682 1767
6.19503498077393 1807
6.23942303657532 1808
6.2955641746521 1812
6.31661915779114 1785
6.35321402549744 1809
6.40807104110718 1770
6.43500804901123 1769
6.48605108261108 1808
6.51938414573669 1760
6.54979205131531 1817
6.59744119644165 1795
6.63191819190979 1779
6.65387105941772 1756
6.70168209075928 1778
6.73615598678589 1845
6.76524209976196 1768
6.80567502975464 1800
6.84009313583374 1805
6.86205410957336 1780
6.9062511920929 1784
6.92859816551208 1779
6.96610903739929 1858
7.01023697853088 1804
7.02706098556519 1778
7.06022310256958 1812
7.08835315704346 1812
7.12665414810181 1785
7.16193509101868 1768
7.19005107879639 1762
7.23056697845459 1814
7.24698805809021 1783
7.28661704063416 1785
7.33078813552856 1811
7.34863519668579 1809
7.38076400756836 1808
7.4001681804657 1773
7.44588613510132 1778
7.46513819694519 1929
7.49323320388794 1763
7.51494407653809 1766
7.55942416191101 1769
7.57942199707031 1806
7.60844206809998 1810
7.65410900115967 1802
7.67307209968567 1774
7.70159602165222 1774
7.72118520736694 1870
7.76545214653015 1768
7.78559613227844 1766
7.81397318840027 1803
7.82531309127808 1768
7.87922310829163 1781
7.89943313598633 1857
7.92669606208801 1775
7.93417406082153 1817
7.98480701446533 1823
8.00346398353577 1770
8.03943300247192 1769
8.06478905677795 1765
8.08659315109253 1829
8.1076180934906 1786
8.14365005493164 1778
8.16898703575134 1841
8.19200205802917 1768
8.21057510375977 1763
8.24759316444397 1878
8.27284407615662 1804
8.28501915931702 1770
8.30955600738525 1773
8.32905006408691 1778
8.36480712890625 1809
8.39135718345642 1926
8.41257500648499 1802
8.43082118034363 1801
8.46665406227112 1820
8.49325513839722 1807
8.50744318962097 1786
8.53275513648987 1805
8.56849098205566 1770
8.58261013031006 1765
8.61033821105957 1766
8.62798619270325 1765
8.64865517616272 1775
8.68325805664062 1775
8.71117901802063 1774
8.72512698173523 1804
8.74398612976074 1806
8.777015209198 1818
8.79681801795959 1782
8.82600808143616 1841
8.84003710746765 1777
8.8576831817627 1779
8.88948798179626 1765
8.9105281829834 1764
8.93733406066895 1789
8.95258712768555 1778
8.97387599945068 1809
9.00314021110535 1762
9.02539300918579 1771
9.04966497421265 1804
9.06614208221436 1820
9.07833313941956 1827
9.11683320999146 1797
9.13844609260559 1777
9.16229605674744 1765
9.1787371635437 1854
9.2008581161499 1807
9.22231602668762 1824
9.24290800094604 1827
9.27597498893738 1782
9.29112100601196 1807
9.29824113845825 1761
9.32657814025879 1829
9.34698414802551 1816
9.38008117675781 1803
9.40249109268188 1778
9.40853714942932 1815
9.4306321144104 1766
9.45122814178467 1819
9.48425912857056 1861
9.50655698776245 1814
9.52296018600464 1856
9.53464317321777 1798
9.55525302886963 1856
9.58837199211121 1855
9.60040307044983 1776
9.62144112586975 1776
9.6391429901123 1831
9.65184116363525 1803
9.67498397827148 1806
9.70687508583069 1878
9.72435617446899 1771
9.74203205108643 1781
9.75292706489563 1773
9.77968907356262 1853
9.80964303016663 1816
9.82177710533142 1762
9.84043598175049 1765
9.85596919059753 1774
9.8807110786438 1774
9.91136503219604 1778
9.92581510543823 1808
9.9444591999054 1806
9.95885920524597 1811
9.98073315620422 1773
10.0007240772247 1812
10.0238502025604 1766
10.041894197464 1766
10.0596430301666 1763
10.187381029129 1829
10.1895380020142 1770
10.1916110515594 1776
10.1936621665955 1778
10.1957139968872 1769
10.1978480815887 1772
10.200700044632 1759
10.2463381290436 1770
10.3373551368713 1808
10.3421959877014 1772
10.3552510738373 1769
10.4486920833588 1783
10.5683829784393 1803
10.5705661773682 1839
10.5726380348206 1768
10.5747439861298 1833
10.6643002033234 1759
10.6932811737061 1828
10.7780730724335 1816
10.813187122345 1768
10.891793012619 1767
10.9742040634155 1781
11.0033349990845 1769
11.0784111022949 1768
11.1160581111908 1784
11.1837430000305 1764
11.230975151062 1845
11.2867991924286 1771
11.3327322006226 1774
11.392144203186 1767
11.4369571208954 1787
11.4962050914764 1787
11.5169332027435 1772
11.5802621841431 1769
11.6209402084351 1765
11.6840951442719 1807
11.7150981426239 1763
11.7619881629944 1807
11.8083641529083 1773
11.8313040733337 1777
11.8923380374908 1775
11.9340469837189 1778
11.9597301483154 1763
12.0166912078857 1775
12.0502471923828 1767
12.0996580123901 1773
12.1518239974976 1770
12.1656541824341 1830
12.2249350547791 1779
12.2645461559296 1768
12.2917561531067 1775
12.3291420936584 1768
12.3772020339966 1794
12.4121301174164 1772
12.4348230361938 1765
12.4823150634766 1873
12.516517162323 1903
12.5482261180878 1784
12.5940210819244 1836
12.6203889846802 1767
12.652107000351 1775
12.6978330612183 1780
12.7243881225586 1845
12.7562720775604 1911
12.7942390441895 1784
12.828378200531 1860
12.8602571487427 1772
12.8982961177826 1858
12.916962146759 1841
12.9542531967163 1815
12.9862999916077 1790
13.019994020462 1815
13.0486891269684 1819
13.0880041122437 1782
13.1240921020508 1778
13.1513831615448 1767
13.1797370910645 1861
13.2177829742432 1809
13.238970041275 1855
13.2663810253143 1921
13.2965500354767 1842
13.3326811790466 1778
13.3594901561737 1804
13.3798971176147 1767
13.4103121757507 1777
13.4458720684052 1818
13.4754869937897 1806
13.5045080184937 1809
13.5384089946747 1765
13.5612511634827 1769
13.5890781879425 1812
13.6097831726074 1828
13.6520290374756 1816
13.6802260875702 1774
13.7016580104828 1776
13.7225542068481 1771
13.763503074646 1762
13.7844340801239 1771
13.8059041500092 1790
13.8351101875305 1773
13.8604199886322 1758
13.8887050151825 1815
13.9100930690765 1759
13.9391250610352 1768
13.9813230037689 1769
14.0032570362091 1770
14.014151096344 1810
14.0431451797485 1765
14.085324048996 1774
14.0975940227509 1774
14.1184539794922 1827
14.1471860408783 1788
14.173798084259 1774
14.2020189762115 1822
14.2210640907288 1773
14.235671043396 1782
14.2696280479431 1772
14.2949950695038 1764
14.315719127655 1768
14.3374280929565 1782
14.3650071620941 1808
14.3977220058441 1814
14.4195940494537 1851
14.4378821849823 1764
14.4595351219177 1769
14.4875609874725 1761
14.5126440525055 1848
14.5334391593933 1769
14.5550670623779 1782
14.5819079875946 1806
14.608234167099 1804
14.6276791095734 1802
14.6482081413269 1772
14.6677861213684 1776
14.6982460021973 1781
14.723375082016 1771
14.7417039871216 1772
14.7632911205292 1844
14.7817571163177 1775
14.8145740032196 1781
14.8359191417694 1785
14.8554670810699 1774
14.8759281635284 1787
14.9055709838867 1849
14.9199271202087 1766
14.9414031505585 1813
14.9610910415649 1815
14.9815530776978 1823
15.0096471309662 1770
15.0335052013397 1811
15.0549449920654 1808
15.0736591815948 1786
15.0855710506439 1773
15.1138880252838 1776
15.1460161209106 1787
15.1685290336609 1803
15.1754951477051 1771
15.1910140514374 1771
15.2169260978699 1784
15.2490351200104 1772
15.2812931537628 1874
15.3987491130829 1800
15.4009912014008 1776
15.4030749797821 1768
15.4051170349121 1777
15.4071969985962 1791
15.4093551635742 1848
15.4253880977631 1761
15.488617181778 1773
15.5125381946564 1762
15.5618422031403 1785
15.6071879863739 1781
15.6508522033691 1773
15.6787781715393 1778
15.7199230194092 1781
15.7633421421051 1775
15.8107481002808 1768
15.8575940132141 1809
15.8769450187683 1823
15.924408197403 1903
15.9712221622467 1844
15.9772210121155 1774
16.028596162796 1772
16.0754070281982 1769
16.0948960781097 1852
16.133180141449 1835
16.1796290874481 1776
16.2062051296234 1783
16.2383260726929 1865
16.2837400436401 1798
16.2968230247498 1787
16.3402650356293 1845
16.3556451797485 1771
16.4021639823914 1854
16.4443950653076 1897
16.4585771560669 1806
16.5039420127869 1805
16.529571056366 1804
16.5621681213379 1887
16.604660987854 1762
16.6314051151276 1808
16.664008140564 1794
16.6771140098572 1788
16.7218930721283 1781
16.7486891746521 1779
16.7801361083984 1774
16.8238821029663 1775
16.8483111858368 1772
16.8703801631927 1783
16.8939599990845 1845
16.9366631507874 1793
16.9526691436768 1814
16.985347032547 1767
17.0076940059662 1762
17.0482201576233 1766
17.0788052082062 1810
17.1021480560303 1776
17.1354410648346 1764
17.1608669757843 1773
17.1828022003174 1771
17.2062211036682 1839
17.2490720748901 1779
17.2652351856232 1820
17.2968351840973 1795
17.3202610015869 1784
17.3534970283508 1823
17.3685591220856 1842
17.4010210037231 1766
17.4146821498871 1761
17.4575760364532 1763
17.4725902080536 1818
17.5048630237579 1808
17.527291059494 1800
17.5698871612549 1806
17.5766091346741 1826
17.6077761650085 1769
17.6313099861145 1802
17.6656520366669 1790
17.6849040985107 1870
17.8075001239777 1798
17.8096330165863 1780
17.8715240955353 1775
17.8736870288849 1829
17.8757421970367 1791
17.8811540603638 1765
17.9497921466827 1784
17.9985270500183 1789
18.0143351554871 1762
18.1012761592865 1772
18.114636182785 1777
18.1860001087189 1776
18.2174510955811 1767
18.2814581394196 1776
18.317663192749 1761
18.3455181121826 1812
18.4024431705475 1766
18.4330151081085 1772
18.4957191944122 1788
18.5269370079041 1822
18.5536510944366 1808
18.6104681491852 1777
18.6405110359192 1777
18.6914570331573 1779
18.7240769863129 1806
18.7527949810028 1801
18.8079550266266 1806
18.8377530574799 1866
18.8641700744629 1773
18.9205121994019 1771
18.9417760372162 1759
18.9683220386505 1767
19.0245711803436 1765
19.0541779994965 1878
19.0809361934662 1810
19.1286971569061 1780
19.1572620868683 1779
19.1851871013641 1829
19.2318232059479 1762
19.2541611194611 1775
19.2807831764221 1771
19.3174080848694 1778
19.3471300601959 1780
19.3766272068024 1781
19.4031500816345 1767
19.4509451389313 1808
19.480672121048 1813
19.5070722103119 1837
19.5513951778412 1764
19.5820791721344 1804
19.6014301776886 1810
19.6295721530914 1778
19.6662840843201 1791
19.6968841552734 1819
19.7174351215363 1769
19.7678921222687 1811
19.7811040878296 1860
19.8116810321808 1765
19.8377192020416 1769
19.8803720474243 1765
19.9028160572052 1767
19.9253520965576 1765
19.9675571918488 1808
19.9964921474457 1823
20.0186171531677 1810
20.0379049777985 1771
20.0883212089539 1805
20.1096720695496 1810
20.1227750778198 1822
20.1515100002289 1847
20.2020761966705 1780
20.2209939956665 1763
20.2352721691132 1772
20.2566931247711 1838
20.3061220645905 1880
20.3345911502838 1776
20.3465981483459 1791
20.3584730625153 1758
20.4102041721344 1772
20.4386701583862 1766
20.4531052112579 1862
20.4637720584869 1777
20.5153081417084 1835
20.542640209198 1852
20.5571200847626 1868
20.5703680515289 1851
20.5931720733643 1773
20.630184173584 1781
20.6610991954803 1808
20.6742889881134 1852
20.6886560916901 1763
20.7318091392517 1775
20.7628400325775 1779
20.7795159816742 1855
20.7891221046448 1761
20.8275392055511 1769
20.8656451702118 1780
20.8812069892883 1813
20.8943040370941 1852
20.9314701557159 1766
20.9460110664368 1775
20.9827210903168 1808
20.9960091114044 1827
21.0090970993042 1847
21.0439691543579 1779
21.0744800567627 1776
21.0975329875946 1772
21.11208319664 1813
21.1396391391754 1772
21.1575510501862 1808
21.1885859966278 1813
21.2123141288757 1811
21.2257881164551 1785
21.2520840167999 1762
21.2714371681213 1766
21.3043642044067 1808
21.3248569965363 1778
21.3418781757355 1814
21.3657321929932 1849
21.3856661319733 1793
21.4179580211639 1811
21.4289519786835 1813
21.4459810256958 1778
21.4793200492859 1764
21.4907431602478 1774
21.5232951641083 1832
21.542732000351 1814
21.5631630420685 1809
21.5918161869049 1762
21.5979681015015 1823
21.6262001991272 1782
21.6552979946136 1785
21.6612770557404 1762
21.6876142024994 1764
21.8237512111664 1812
21.825923204422 1778
21.8279900550842 1771
21.8300640583038 1773
21.8321959972382 1769
21.8342800140381 1778
21.8624510765076 1771
21.8948411941528 1759
21.9692411422729 1922
21.9784300327301 1760
22.0218291282654 1811
22.0843641757965 1895
22.1198031902313 1785
22.1363360881805 1790
22.1991701126099 1812
22.2333731651306 1811
22.2902181148529 1809
22.3105840682983 1764
22.3459119796753 1783
22.4038391113281 1845
22.4253580570221 1812
22.458261013031 1808
22.5080060958862 1762
22.5295991897583 1813
22.5627171993256 1814
22.6194009780884 1788
22.6421270370483 1780
22.6655871868134 1773
22.7235960960388 1781
22.7462391853333 1868
22.7581491470337 1769
22.8204920291901 1775
22.8420310020447 1777
22.8647119998932 1855
22.8976991176605 1839
22.943834066391 1762
22.9675030708313 1815
22.9995181560516 1814
23.0478839874268 1808
23.0693001747131 1761
23.0917460918427 1769
23.1485149860382 1773
23.1607751846313 1776
23.1857562065125 1789
23.2371771335602 1777
23.263542175293 1777
23.2885160446167 1773
23.3122529983521 1770
23.35093998909 1773
23.3762509822845 1785
23.4012060165405 1765
23.4166190624237 1825
23.4697442054749 1769
23.491152048111 1772
23.5138070583344 1763
23.559005022049 1806
23.584545135498 1810
23.6037201881409 1771
23.6262221336365 1817
23.6778240203857 1768
23.6887941360474 1818
23.7173399925232 1856
23.7388491630554 1859
23.7891201972961 1768
23.8012809753418 1765
23.8202981948853 1767
23.8516302108765 1811
23.9028680324554 1767
23.9077980518341 1811
23.9246461391449 1809
23.9559400081635 1782
24.0069921016693 1779
24.0228931903839 1847
24.0384390354156 1844
24.0600371360779 1772
24.1111240386963 1784
24.1270351409912 1840
24.137866973877 1772
24.2662191390991 1813
24.2683391571045 1773
24.2704031467438 1768
24.2724571228027 1775
24.2745070457458 1780
24.3312699794769 1761
24.364776134491 1758
24.4331510066986 1781
24.4653010368347 1777
24.5348901748657 1809
24.5692880153656 1811
24.6131830215454 1777
24.6507861614227 1782
24.685289144516 1784
24.75270819664 1812
24.7879951000214 1805
24.830677986145 1803
24.8674871921539 1774
24.9042320251465 1772
24.9693021774292 1766
24.9823360443115 1769
25.0296370983124 1762
25.0819370746613 1764
25.1079020500183 1787
25.150318145752 1773
25.1956160068512 1794
25.2204451560974 1778
25.2815861701965 1781
25.299868106842 1811
25.3235380649567 1763
25.3857831954956 1773
25.4040319919586 1765
25.4275720119476 1764
25.4898021221161 1767
25.5175321102142 1773
25.5501430034637 1771
25.5951302051544 1814
25.6217451095581 1772
25.6541640758514 1771
25.699196100235 1828
25.7163140773773 1785
25.7398931980133 1783
25.7763481140137 1784
25.8142950534821 1767
25.8417580127716 1763
25.8714730739594 1765
25.9158990383148 1823
25.9456150531769 1823
25.9753470420837 1776
26.0102171897888 1771
26.0369470119476 1778
26.0705480575562 1804
26.0890130996704 1772
26.1264390945435 1793
26.1549069881439 1778
26.1853551864624 1816
26.2280302047729 1806
26.2391080856323 1775
26.2673530578613 1772
26.3013501167297 1766
26.3417680263519 1847
26.3578550815582 1830
26.3923001289368 1778
26.4266090393066 1818
26.456521987915 1817
26.4714851379395 1807
26.4965250492096 1849
26.5401880741119 1784
26.5702781677246 1781
26.5828070640564 1762
26.611319065094 1811
26.6526951789856 1809
26.674485206604 1774
26.6965110301971 1793
26.7226731777191 1774
26.7484130859375 1757
26.7786121368408 1777
26.8005790710449 1764
26.826740026474 1820
26.8693490028381 1779
26.8910691738129 1813
26.9046549797058 1816
26.9309530258179 1856
26.9734251499176 1806
26.985668182373 1787
27.0086431503296 1775
27.0348780155182 1775
27.0605001449585 1810
27.0919651985168 1857
27.1128151416779 1861
27.1259410381317 1787
27.1499691009521 1779
27.1913030147552 1827
27.2069020271301 1774
27.2288460731506 1767
27.2515912055969 1808
27.2941541671753 1786
27.3108870983124 1866
27.3293600082397 1762
27.3472170829773 1763
27.3813800811768 1819
27.4078800678253 1773
27.4257230758667 1794
27.4455862045288 1790
27.4681940078735 1801
27.5045070648193 1804
27.5226480960846 1806
27.5394320487976 1774
27.5591330528259 1779
27.589485168457 1776
27.6193041801453 1810
27.6374840736389 1841
27.6519200801849 1776
27.6730301380157 1791
27.7103610038757 1811
27.7342820167542 1807
27.7511601448059 1776
27.7632801532745 1778
27.7912399768829 1805
27.8238999843597 1764
27.8491311073303 1851
27.86354804039 1809
27.8684639930725 1764
27.8954191207886 1834
27.9363641738892 1783
27.9626970291138 1773
27.9688060283661 1771
27.984512090683 1787
28.0080862045288 1859
28.0476820468903 1766
28.0668079853058 1779
28.1901040077209 1813
28.1923570632935 1823
28.194452047348 1768
28.1965200901031 1792
28.1985771656036 1769
28.2007021903992 1822
28.2065291404724 1783
28.2739341259003 1770
28.301530122757 1773
28.343269109726 1788
28.3914201259613 1763
28.4394361972809 1820
28.4819951057434 1812
28.5136301517487 1771
28.5519940853119 1772
28.5993700027466 1811
28.64772605896 1815
28.6657750606537 1779
28.7144200801849 1851
28.7615880966187 1848
28.7855889797211 1796
28.8196270465851 1825
28.8656530380249 1781
28.8899111747742 1812
28.9323740005493 1775
28.9770941734314 1770
28.9939041137695 1771
29.0352120399475 1781
29.0750730037689 1790
29.0980889797211 1861
29.1393640041351 1856
29.179190158844 1801
29.1961832046509 1792
29.2338740825653 1778
29.256578207016 1782
29.2979710102081 1760
29.3195221424103 1766
29.3584041595459 1785
29.402015209198 1806
29.4235551357269 1806
29.46013712883 1762
29.4989252090454 1849
29.5252981185913 1823
29.5463471412659 1783
29.5921101570129 1809
29.6138451099396 1774
29.6412680149078 1807
29.6781342029572 1875
29.7166659832001 1815
29.7274739742279 1819
29.7560951709747 1785
29.8005530834198 1810
29.8314921855927 1843
29.8473150730133 1771
29.8770470619202 1780
29.9129409790039 1811
29.9474611282349 1770
29.9609100818634 1811
29.981406211853 1825
30.0265421867371 1799
30.0623970031738 1852
30.0733120441437 1812
30.1021540164948 1776
30.1418130397797 1805
30.1665580272675 1780
30.1857960224152 1876
30.2145450115204 1812
30.234955072403 1761
30.2710161209106 1813
30.2899260520935 1769
30.3186681270599 1813
30.3595731258392 1773
30.3750891685486 1776
30.3940889835358 1817
30.421667098999 1767
30.4433281421661 1777
30.4792840480804 1832
30.4981701374054 1776
30.5114281177521 1768
30.5474290847778 1804
30.5833370685577 1805
30.5963160991669 1786
30.6155841350555 1792
30.6406900882721 1776
30.6721980571747 1769
30.6982171535492 1764
30.7172691822052 1766
30.7425181865692 1804
30.7763040065765 1877
30.8023600578308 1809
30.8145751953125 1830
30.8333530426025 1761
30.8671810626984 1774
30.8901271820068 1776
30.9162700176239 1793
30.9328050613403 1776
30.9591281414032 1807
30.9856641292572 1814
31.0106899738312 1807
31.0300040245056 1777
31.0463881492615 1783
31.0753381252289 1789
31.0981631278992 1773
31.12437915802 1766
31.1425311565399 1766
31.1599969863892 1807
31.1891620159149 1772
31.2129101753235 1770
31.2381310462952 1779
31.2561721801758 1852
31.2821559906006 1806
31.3065030574799 1820
31.3265562057495 1784
31.3505020141602 1810
31.3597731590271 1817
