(-1.500, -1.500)
(-1.000, -1.500)
(-0.500, -1.500)
(0.000, -1.500)
#(0.500, -1.500)
(1.000, -1.500)
(1.500, -1.500)
#(2.000, -1.500)
(-1.500, -1.000)
(-1.000, -1.000)
(-0.500, -1.000)
(0.000, -1.000)
(0.500, -1.000)
(1.000, -1.000)
(1.500, -1.000)
#(2.000, -1.000)
(-1.500, -0.500)
(-1.000, -0.500)
(-0.500, -0.500)
(0.000, -0.500)
(0.500, -0.500)
(1.000, -0.500)
(1.500, -0.500)
#(2.000, -0.500)
#(-1.500, 0.000)
(-1.000, 0.000)
(-0.500, 0.000)
(0.000, 0.000)
(0.500, 0.000)
(1.000, 0.000)
(1.500, 0.000)
#(2.000, 0.000)
(-1.000, 0.500)
(-0.500, 0.500)
(0.000, 0.500)
(0.500, 0.500)
(1.000, 0.500)
(-1.000, 1.000)
(-0.500, 1.000)
(0.000, 1.000)
(0.500, 1.000)
(1.000, 1.000)
