mote101   350   708   0.2
mote102    95   352   0.2
mote103   195   157   0.2
mote104   383    34   0.2
mote105   706    96   0.2
mote106   874    97   0.2
mote107   597   402   0.2
mote108   365   399   0.2
mote109   350   550   0.2
mote111   437   129   2.3
mote112   102   339   2.3
mote113   119   526   2.3
mote114   123   708   2.3
mote115   268   710   2.3
mote116   265   527   2.3
mote117   255   337   2.3
mote119   731   127   2.3
mote120   736   301   2.3
mote121   437   301   2.3
mote122   582   301   2.3
mote123   253   162   2.3
mote124   584   129   2.3
